1
 8582 4817 2800 7230 4827 3489 2487 8172 8298 1502 
/

2
 6229 1248 7998 9130 10789 7028 2729 987 7113 9628 
/

3
 11038 267 4079 10039 9550 5250 3970 7900 7086 1475 
/

4
 3595 146 1136 4412 1711 5576 6138 5437 4199 4185 
/

5
 1875 2682 2193 3729 5443 3252 2462 267 4918 3559 
/

6
 2682 5440 8534 3380 10051 4819 4305 4522 4807 5739 
/

7
 9977 10109 553 2096 2724 10071 10648 6184 5292 6017 
/

8
 3774 11350 987 1998 191 10912 4117 5083 7507 7937 
/

9
 4754 7014 5300 5071 5901 4972 1759 550 7933 8370 
/

10
 9530 4329 10617 1934 8213 10035 3935 10204 9448 631 
/

11
 4925 4139 8343 4912 7818 9826 7654 7602 8219 7657 
/

12
 1074 659 350 4733 133 162 8095 1657 8336 2205 
/

13
 5873 4454 2458 4079 1612 3398 8464 7693 3631 11312 
/

14
 6260 5749 3851 1065 5866 8203 4077 4626 7973 5536 
/

15
 1848 273 10886 3388 3255 6870 6958 1128 260 4815 
/

16
 9175 6098 1478 5781 1848 7668 2934 11208 664 6870 
/

17
 10981 10288 2187 347 10979 1222 9486 11128 10303 11286 
/

18
 6212 2870 1122 739 7617 10979 9619 7426 1551 2122 
/

19
 10693 2870 1122 1004 9619 8757 2260 1407 10821 1653 
/

20
 7426 9060 4797 1551 4231 9228 1141 6491 4563 3771 
/

21
 1907 733 478 874 10265 8740 5412 2502 2118 7864 
/

22
 9060 1551 6747 7046 7620 7232 1141 6126 10562 11150 
/

23
 4737 8565 5605 81 9745 5601 4501 8453 4988 5703 
/

24
 11374 9135 10256 1235 2640 6663 8280 3915 9737 6304 
/

25
 1433 3351 2187 629 4698 9047 4175 10981 6855 2108 
/

26
 208 6842 2016 191 5800 5907 11108 6398 1295 8078 
/

27
 6004 6037 7868 9870 124 9160 8517 7653 5488 1154 
/

28
 8252 4434 6163 4852 6906 8658 2995 10295 8539 1635 
/

29
 3004 11124 1354 9998 9133 7036 2513 9023 746 11254 
/

30
 5091 3239 9449 5310 9753 4371 3822 10246 10864 9511 
/

31
 8393 1118 2358 10537 9011 3104 8615 2110 10095 3239 
/

32
 9160 10456 3930 8517 6004 6037 7868 1822 914 1446 
/

33
 11262 7053 6134 6331 1569 3470 9218 8923 9638 8184 
/

34
 2729 11263 2413 9830 9912 1414 10562 1080 9454 2368 
/

35
 8733 225 11416 4509 579 5209 7336 3922 10999 10120 
/

36
 5737 9060 5140 2933 3718 1551 9925 3139 1141 375 
/

37
 2256 4025 10974 492 10413 9745 10973 86 6327 1930 
/

38
 9623 332 1248 476 4044 10103 10828 11280 5927 10969 
/

39
 5876 2155 9054 7891 9753 1930 7065 9918 5207 2157 
/

40
 863 11121 733 10265 8742 205 1542 8737 9018 8738 
/

41
 3037 2428 3329 8816 3942 516 6291 7787 1087 3261 
/

42
 5444 6424 1472 5955 5841 1994 6514 1100 6147 7787 
/

43
 2933 267 5737 1369 5140 9768 3718 6232 4321 3601 
/

44
 7989 267 10356 3040 3139 4321 8099 10191 5414 5629 
/

45
 3941 10324 8362 5844 7561 5431 1590 938 2513 9412 
/

46
 3599 4058 4312 8531 147 5138 4526 8099 2931 3939 
/

47
 2210 7303 5545 3657 4215 1489 6272 4526 4454 1487 
/

48
 4935 5348 10745 8651 151 3833 8814 924 4302 1604 
/

49
 222 3045 9076 9925 4595 2685 4209 8447 1159 1078 
/

50
 1845 1205 6616 10181 3605 396 543 6106 261 1824 
/

51
 3165 8223 4825 6878 3163 10357 5551 3166 6245 7570 
/

52
 7653 9870 3162 3147 7188 1158 3047 2177 5488 4298 
/

53
 730 1816 6414 7666 7672 8328 10263 615 1118 7461 
/

54
 1455 8951 8652 776 7885 1833 5829 5550 10479 3475 
/

55
 949 3516 9562 3036 7570 6226 1720 9550 10631 9598 
/

56
 10209 9870 1204 3366 7653 5488 8686 3348 8978 678 
/

57
 7697 5826 4614 7762 7157 1167 8002 1049 4074 5973 
/

58
 7067 1867 6866 5737 4300 4925 7666 6858 4188 7790 
/

59
 267 4321 4526 9670 7989 5629 10873 2173 4811 5441 
/

60
 5346 3489 10503 3162 3147 3744 8560 6106 645 2433 
/

61
 8285 3658 7063 5534 123 7065 5876 4857 2155 5978 
/

62
 5884 4711 678 3750 9775 3956 8962 3035 1982 11322 
/

63
 9951 10039 4079 9550 9698 10755 9419 1612 7900 5860 
/

64
 9732 9896 8876 6836 2104 9758 1232 2368 6453 6295 
/

65
 2960 5722 3364 10702 2268 4074 4244 10609 6148 6757 
/

66
 1511 9439 9453 7065 10438 561 3332 1328 8873 4456 
/

67
 7259 11338 10497 5277 5961 5293 4566 2393 8666 6936 
/

68
 1828 3612 1839 1830 3065 5460 2055 5461 1066 7659 
/

69
 4205 1954 9183 4438 4612 11312 3504 5769 10043 6455 
/

70
 626 1958 155 7181 5377 11352 3623 1759 441 6890 
/

71
 1459 2438 4886 7102 385 7296 5511 1489 7669 1192 
/

72
 4937 8856 6092 8835 9174 9564 543 4108 10063 2213 
/

73
 8558 6262 5869 3071 7580 11320 3862 6404 4444 7303 
/

74
 10209 1204 8978 4108 10763 3416 8686 9094 8847 4449 
/

75
 7804 7269 1321 4342 11187 1739 10766 9542 1861 8227 
/

76
 10663 3066 8572 3935 1485 430 1539 1191 3908 7549 
/

77
 553 10071 2724 10648 4625 9870 3318 450 7653 451 
/

78
 4079 10039 9550 10174 9421 7900 11038 1475 7693 11312 
/

79
 382 8764 11424 10247 7539 6148 6760 3121 7850 4705 
/

80
 7665 9870 3252 2189 7653 1272 5488 10733 2945 2676 
/

81
 5346 3959 4188 3489 2804 4817 9870 2433 2807 7653 
/

82
 4413 6416 7787 7539 5230 3710 1641 8848 5412 1076 
/

83
 6636 7303 6683 8844 9807 1485 8819 8570 1195 4624 
/

84
 4412 6138 7647 6866 7762 7541 3942 1867 7764 6947 
/

85
 5132 9071 3773 10386 3718 3043 1993 5917 10873 3675 
/

86
 6683 1485 3530 8844 11052 2706 7671 4451 5132 3982 
/

87
 2356 3665 3314 10744 834 1412 1173 5234 11010 861 
/

88
 4737 3548 3139 8683 10806 8565 3947 9463 9458 1232 
/

89
 9078 10185 10051 1074 10892 10176 944 10344 8029 10902 
/

90
 11341 6581 180 2800 7011 9309 9531 4498 1454 3310 
/

91
 9224 10614 2854 9717 9991 2679 3997 6840 7833 6581 
/

92
 2632 1215 313 564 8873 7065 4978 2093 3571 8714 
/

93
 7802 2964 3150 1976 9108 3256 151 1855 163 5645 
/

